-1.990108751680848189e-03   -6.978296159964777470e-04   -8.918234207837232161e-04   -4.536508478649110875e-04   -6.752138366806956747e-04   -4.487059417839796673e-04   -5.704085818203319348e-04   -3.598710663423697461e-04
-2.024519571563388430e-03   -7.159131337176092387e-04   -9.101402896916225074e-04   -4.660310316236659228e-04   -6.895862170939474813e-04   -4.608446434520229677e-04   -5.828004329053779577e-04   -3.699642527173022414e-04
-2.059836904070118033e-03   -7.346282299375947629e-04   -9.290392043831793194e-04   -4.788692578756460067e-04   -7.044342510431304957e-04   -4.734373901633815839e-04   -5.956120957041958998e-04   -3.804442238623695241e-04
-2.096093087358117529e-03   -7.540027974237451273e-04   -9.485452301182741193e-04   -4.921870768415759038e-04   -7.197793223312933105e-04   -4.865059719269676508e-04   -6.088629090747290674e-04   -3.913299314105813049e-04
-2.133321923790682494e-03   -7.740662246356734642e-04   -9.686847915540611588e-04   -5.060072750635683262e-04   -7.356440267988534256e-04   -5.000734601326466871e-04   -6.225733352527806864e-04   -4.026414638134560354e-04
-2.171558760693909421e-03   -7.948494904052587524e-04   -9.894857614670027508e-04   -5.203539593602084451e-04   -7.520522550395854948e-04   -5.141642970089102017e-04   -6.367650384217940322e-04   -4.144001272929332910e-04
-2.210840576386108921e-03   -8.163852655469661275e-04   -1.010977556235237050e-03   -5.352526473822221071e-04   -7.690292817086859592e-04   -5.288043923244918100e-04   -6.514609696995531584e-04   -4.266285334807320517e-04
-2.251206071879118930e-03   -8.387080219758460227e-04   -1.033191238670000574e-03   -5.507303653593435084e-04   -7.866018620232877656e-04   -5.440212280022992250e-04   -6.666854591409515814e-04   -4.393506943748593961e-04
-2.292695768685052218e-03   -8.618541499646238408e-04   -1.056159628842439800e-03   -5.668157536883024422e-04   -8.047983361173910964e-04   -5.598439713832575491e-04   -6.824643154185889562e-04   -4.525921253095054270e-04
-2.335352113199741855e-03   -8.858620842309416219e-04   -1.079917423616156592e-03   -5.835391810778137655e-04   -8.236487419815996004e-04   -5.763035979549539041e-04   -6.988249339133735180e-04   -4.663799567087747577e-04
-2.379219588175751719e-03   -9.107724396118014026e-04   -1.104501325666732434e-03   -6.009328680398332489e-04   -8.431849377945125875e-04   -5.934330244462165168e-04   -7.157964140256636767e-04   -4.807430554784995628e-04
-2.424344831843331782e-03   -9.366281571551785239e-04   -1.129950182848443426e-03   -6.190310205980351348e-04   -8.634407345378506153e-04   -6.112672532850464474e-04   -7.334096866054370814e-04   -4.957121569829108692e-04
-2.470776765287962824e-03   -9.634746615396095216e-04   -1.156305138855963236e-03   -6.378699751756332793e-04   -8.844520398826681128e-04   -6.298435295252394596e-04   -7.516976524983617208e-04   -5.113200086582398189e-04
-2.518566728748344950e-03   -9.913600308220241273e-04   -1.183609796226621274e-03   -6.574883557263241744e-04   -9.062570144405647857e-04   -6.492015114677212239e-04   -7.706953333150384994e-04   -5.276015264320929512e-04
-2.567768627559627748e-03   -1.020335179613485578e-03   -1.211910392837498062e-03   -6.779272442858085305e-04   -9.288962415931975060e-04   -6.693834563380167023e-04   -7.904400356546814653e-04   -5.445939652498784072e-04
-2.618439088533903482e-03   -1.050454056892731773e-03   -1.241255993173143689e-03   -6.992303662484177819e-04   -9.524129122471285602e-04   -6.904344225333351130e-04   -8.109715301539129149e-04   -5.623371051576186086e-04
-2.670637627644173191e-03   -1.081773859790091837e-03   -1.271698695775218399e-03   -7.214442918157606965e-04   -9.768530260112909605e-04   -7.124024901234759849e-04   -8.323322468882003939e-04   -5.808734545580629361e-04
-2.724426829960113067e-03   -1.114355264810717875e-03   -1.303293858437032035e-03   -7.446186552238525562e-04   -1.002265610463101957e-03   -7.353390014821489318e-04   -8.545674888304636077e-04   -6.002484724455433565e-04
-2.779872542874760408e-03   -1.148262678118135800e-03   -1.336100342875612022e-03   -7.688063935343410985e-04   -1.028702960359136010e-03   -7.592988241417918593e-04   -8.777256652706962687e-04   -6.205108116381909079e-04
-2.837044083761880615e-03   -1.183564506668555432e-03   -1.370180780804128523e-03   -7.940640069766968139e-04   -1.056220898860217887e-03   -7.843406382093332701e-04   -9.018585473263569362e-04   -6.417125852672312834e-04
-2.896014463315426096e-03   -1.220333452175636005e-03   -1.405601863540843462e-03   -8.204518430547486606e-04   -1.084879063082056037e-03   -8.105272509564377193e-04   -9.270215479280005926e-04   -6.639096590560678197e-04
-2.956860625946324678e-03   -1.258646830096885744e-03   -1.442434657530399737e-03   -8.480344068860214092e-04   -1.114741216555017881e-03   -8.379259415097972067e-04   -9.532740289540989325e-04   -6.871619722314347258e-04
-3.019663708749719191e-03   -1.298586916069500866e-03   -1.480754948422779256e-03   -8.768807005300925054e-04   -1.145875591484809457e-03   -8.666088389206889333e-04   -9.806796385166548398e-04   -7.115338902606222534e-04
-3.084509320708956823e-03   -1.340241322488569748e-03   -1.520643616658712283e-03   -9.070645943871501367e-04   -1.178355264054716097e-03   -8.966533372938615375e-04   -1.009306681771947236e-03   -7.370945930082827653e-04
-3.151487843973536582e-03   -1.383703408217875318e-03   -1.562187047852444484e-03   -9.386652341154022887e-04   -1.212258566405645171e-03   -9.281425521111542854e-04   -1.039228529054537706e-03   -7.639185023622676023e-04
-3.220694759238706267e-03   -1.429072724757417907e-03   -1.605477581648920554e-03   -9.717674869320462334e-04   -1.247669539379388237e-03   -9.611658224029406058e-04   -1.070524065615469436e-03   -7.920857538964443936e-04
-3.292230997467248711e-03   -1.476455502567173856e-03   -1.650614003169005757e-03   -1.006462431634314513e-03   -1.284678430621180893e-03   -9.958192640102832543e-04   -1.103278187796609064e-03   -8.216827177323014460e-04
-3.366203320431945638e-03   -1.525965181669221554e-03   -1.697702081650335733e-03   -1.042847897212735271e-03   -1.323382243219090385e-03   -1.032206379852904912e-03   -1.137582351102494130e-03   -8.528025744392435121e-04
-3.442724732823764216e-03   -1.577722991126716224e-03   -1.746855161451296408e-03   -1.081029055537734412e-03   -1.363885340720717492e-03   -1.070438733886446133e-03   -1.173535176351419868e-03   -8.855459525908719121e-04
-3.521914928969515149e-03   -1.631858582535882516e-03   -1.798194811221056396e-03   -1.121119074294193042e-03   -1.406300115124787392e-03   -1.110636696310850690e-03   -1.211243120912990426e-03   -9.200216354863851188e-04
-3.603900777538240115e-03   -1.688510723274897493e-03   -1.851851537760632743e-03   -1.163239837129179718e-03   -1.450747725310969115e-03   -1.152930268598451134e-03   -1.250821222987207309e-03   -9.563473455717072871e-04
-3.688816847992648033e-03   -1.747828055941267993e-03   -1.907965571921848387e-03   -1.207522738881054367e-03   -1.497358914362876279e-03   -1.197459998065254034e-03   -1.292393927969684789e-03   -9.946506162743081955e-04
-3.776805982966510537e-03   -1.809969931188850668e-03   -1.966687734827665245e-03   -1.254109564790748888e-03   -1.546274915376857689e-03   -1.244377993036296709e-03   -1.336096007202284067e-03   -1.035069762326827321e-03
-3.868019921227545954e-03   -1.875107322060292703e-03   -2.028180393766533789e-03   -1.303153463778835685e-03   -1.597648456656103680e-03   -1.293849051184184622e-03   -1.382073580855996704e-03   -1.077754961225845876e-03
-3.962619976425675247e-03   -1.943423828916308101e-03   -2.092618518335614530e-03   -1.354820027228986930e-03   -1.651644878693773631e-03   -1.346051915381421289e-03   -1.430485258365124654e-03   -1.122869460290294675e-03
-4.060777777437720761e-03   -2.015116785207834906e-03   -2.160190848807013592e-03   -1.409288486277572540e-03   -1.708443377082769117e-03   -1.401180673442566603e-03   -1.481503411767667172e-03   -1.170590925891082119e-03
-4.162676076811397223e-03   -2.090398475642124901e-03   -2.231101190295866395e-03   -1.466753042403736015e-03   -1.768238387491578856e-03   -1.459446320486152250e-03   -1.535315599550748011e-03   -1.221112953870040355e-03
-4.268509634596387783e-03   -2.169497479783896472e-03   -2.305569848152080620e-03   -1.527424348182974956e-03   -1.831241131161248257e-03   -1.521078505375158098e-03   -1.592126161206858757e-03   -1.274646763011441294e-03
-4.378486185741914914e-03   -2.252660155836717741e-03   -2.383835222117806733e-03   -1.591531157456250491e-03   -1.897681342061043790e-03   -1.586327485862460947e-03   -1.652158005739473275e-03   -1.331423096745154404e-03
-4.492827500254475449e-03   -2.340152281301834548e-03   -2.466155579235972811e-03   -1.659322166929932518e-03   -1.967809199954049029e-03   -1.655466320752544719e-03   -1.715654620892178434e-03   -1.391694362130282752e-03
-4.611770546465849413e-03   -2.432260869451260878e-03   -2.552811028315431479e-03   -1.731068074424010027e-03   -2.041897497244041498e-03   -1.728793331683546684e-03   -1.782882334004171282e-03   -1.455737039695284736e-03
-4.735568769081309817e-03   -2.529296183125900616e-03   -2.644105722019136212e-03   -1.807063882702870244e-03   -2.120244071691778677e-03   -1.806634872145827667e-03   -1.854132860226047385e-03   -1.523854403014042545e-03
-4.864493495187539526e-03   -2.631593970332881966e-03   -2.740370316418948120e-03   -1.887631482145404188e-03   -2.203174542009498933e-03   -1.889348447214438554e-03   -1.929726179492322578e-03   -1.596379593124591960e-03
-4.998835483129260640e-03   -2.739517949533672517e-03   -2.841964722243370354e-03   -1.973122550546803355e-03   -2.291045389095437528e-03   -1.977326234341082300e-03   -2.010013790298380287e-03   -1.673679100221668820e-03
-5.138906631148268574e-03   -2.853462576462869812e-03   -2.949281187139347633e-03   -2.063921814221882436e-03   -2.384247432408575021e-03   -2.070999063614497367e-03   -2.095382396155873097e-03   -1.756156713687189027e-03
-5.285041864960870160e-03   -2.973856128887286242e-03   -3.062747754202488435e-03   -2.160450721452667963e-03   -2.483209758891923805e-03   -2.170840925382718639e-03   -2.186258089828527380e-03   -1.844258011716498526e-03
-5.437601226078520728e-03   -3.101164151013724533e-03   -3.182832148952874363e-03   -2.263171587375090860e-03   -2.588404171151154759e-03   -2.277374084309211934e-03   -2.283111111351800171e-03   -1.938475473861492847e-03
-5.596972185710737124e-03   -3.235893305409401430e-03   -3.310046155025910593e-03   -2.372592278851597385e-03   -2.700350232549854172e-03   -2.391174892135225754e-03   -2.386461268743905045e-03   -2.039354314111202927e-03
-5.763572212597876596e-03   -3.378595687463544286e-03   -3.444950548325458398e-03   -2.489271518992980034e-03   -2.819620999813764878e-03   -2.512880407039868712e-03   -2.496884125620481027e-03   -2.147499149119820420e-03
-5.937851627186796488e-03   -3.529873665773623943e-03   -3.588160670508166745e-03   -2.613824904092563236e-03   -2.946849549030184246e-03   -2.643195946006805970e-03   -2.615018078112650666e-03   -2.263581636411269356e-03
-6.120296779281974783e-03   -3.690385321601848470e-03   -3.740352735744225700e-03   -2.746931741203310733e-03   -3.082736419052992810e-03   -2.782903718603275608e-03   -2.741572465144387263e-03   -2.388349241504432452e-03
-6.311433591795308912e-03   -3.860850571976404480e-03   -3.902270980104298286e-03   -2.889342832887129963e-03   -3.228058117844383786e-03   -2.932872716758037034e-03   -2.877336881960468936e-03   -2.522635321715446452e-03
-6.511831519618061295e-03   -4.042058074418816878e-03   -4.074735781105444550e-03   -3.041889357356729589e-03   -3.383676862887376527e-03   -3.094070066346749255e-03   -3.023191897676664932e-03   -2.667370748885291958e-03
-6.722107980115141559e-03   -4.234873027037342960e-03   -4.258652896454084499e-03   -3.205493017993092490e-03   -3.550551757322588636e-03   -3.267574083696322962e-03   -3.180121414602373429e-03   -2.823597334644794253e-03
-6.942933320493358505e-03   -4.440245996286643244e-03   -4.455023996508242906e-03   -3.381177666879366800e-03   -3.729751639910017236e-03   -3.454589324771919091e-03   -3.349226951445581461e-03   -2.992483371520092677e-03
-7.175036397561613058e-03   -4.659222926597643422e-03   -4.664958695239642197e-03   -3.570082643544779995e-03   -3.922469890524965877e-03   -3.656463968353630776e-03   -3.531744185814035455e-03   -3.175341662971255512e-03
-7.419210857468396501e-03   -4.892956511983188872e-03   -4.889688320472355791e-03   -3.773478113774217726e-03   -4.130041525164457154e-03   -3.874709938823292597e-03   -3.729062155579226153e-03   -3.373650487503746746e-03
-7.676322217217004980e-03   -5.142719140414286558e-03   -5.130581707076624191e-03   -3.992782745586963972e-03   -4.353962977192081876e-03   -4.111026251551604463e-03   -3.942745595987529397e-03   -3.589078028917569180e-03
-7.947315866537803253e-03   -5.409917658194728952e-03   -5.389163348022717182e-03   -4.229584122116240505e-03   -4.595915037004000454e-03   -4.367326157083926096e-03   -4.174560982700943959e-03   -3.823510909746446161e-03
-8.233226128542690120e-03   -5.696110244894424073e-03   -5.667134299470652156e-03   -4.485662366310995929e-03   -4.857789513155271258e-03   -4.645768772743881676e-03   -4.426506963637740974e-03   -4.079087591828928216e-03
-8.535186541105766259e-03   -6.003025741034318484e-03   -5.966396309476220371e-03   -4.763017542781078362e-03   -5.141720287515172058e-03   -4.948796025995677063e-03   -4.700849998677164403e-03   -4.358237561368629581e-03
-8.854441548839324036e-03   -6.332585832341655618e-03   -6.289079727963556993e-03   -5.063901510926276973e-03   -5.450119569181278295e-03   -5.279175897851119507e-03   -5.000166190925150154e-03   -4.663727401286827008e-03
-9.192359828748608575e-03   -6.686930568062640114e-03   -6.637575861413581683e-03   -5.390855034607396762e-03   -5.785720311439194151e-03   -5.640053152676498087e-03   -5.327390492181707272e-03   -4.998715077647755342e-03
-9.550449512218497569e-03   -7.068447779002414930e-03   -7.014574562944312676e-03   -5.746751111700701235e-03   -6.151625948707818009e-03   -6.035008979945575766e-03   -5.685874705396082307e-03   -5.366814036976826248e-03
-9.930375613191693568e-03   -7.479807066636328175e-03   -7.423108001556456663e-03   -6.134845677505296538e-03   -6.551368842912260945e-03   -6.468131261998136088e-03   -6.079455996193821113e-03   -5.772169035932024454e-03
-1.033398002877788414e-02   -7.923999161368738831e-03   -7.866601738591593243e-03   -6.558837065755108477e-03   -6.988979108971599304e-03   -6.944097529118616746e-03   -6.512537972930433801e-03   -6.219546013322451057e-03
-1.076330454591972914e-02   -8.404381600053315027e-03   -8.348934461178049438e-03   -7.022935887646357574e-03   -7.469065826115508892e-03   -7.468273079750138016e-03   -6.990186809744927156e-03   -6.714438776384788581e-03
-1.122061736830356690e-02   -8.924731855241728115e-03   -8.874507988947002643e-03   -7.531947321675435195e-03   -7.996913045588843055e-03   -8.046827240578934698e-03   -7.518245379269021360e-03   -7.263195817044806879e-03
-1.170844377398099975e-02   -9.489309267123368155e-03   -9.448329489971029130e-03   -8.091368205017969439e-03   -8.578593486552680766e-03   -8.686871329456030688e-03   -8.103468939027715784e-03   -7.873171204977696264e-03
-1.222960162908392004e-02   -1.010292739039544280e-02   -1.007610822400707186e-02   -8.707501791053180729e-03   -9.221103380818865616e-03   -9.396622572470918200e-03   -8.753686582089225884e-03   -8.552904220969803281e-03
-1.278724261985238198e-02   -1.077103867968263497e-02   -1.076436958552245277e-02   -9.387593597461739436e-03   -9.932522591367773379e-03   -1.018559901832503944e-02   -9.477993413425454122e-03   -9.312333180978753580e-03
-1.338490022748613402e-02   -1.149983380626455956e-02   -1.152058975507538191e-02   -1.013999242295533613e-02   -1.072220489165616637e-02   -1.106485138056882873e-02   -1.028697922734806043e-02   -1.016304971785865832e-02
-1.402654566162768283e-02   -1.229635833300985956e-02   -1.235335489275808836e-02   -1.097434136057516899e-02   -1.160100414323741308e-02   -1.204723869206418378e-02   -1.119300028689732170e-02   -1.111860054925979842e-02
-1.471665319167264098e-02   -1.316864997896891390e-02   -1.327254952375668540e-02   -1.190180447295765241e-02   -1.258154301726786134e-02   -1.314775560883267580e-02   -1.221050153946541539e-02   -1.219484430629288498e-02
-1.546027657232072229e-02   -1.412590028105738423e-02   -1.428957956520589441e-02   -1.293533569049712915e-02   -1.367853180153021445e-02   -1.438392001858514180e-02   -1.335639705129578955e-02   -1.341037104007967995e-02
-1.626313854965236519e-02   -1.517864509981941071e-02   -1.541763629713091381e-02   -1.408999738019907008e-02   -1.490914558233550312e-02   -1.577623004638623386e-02   -1.465051626413915731e-02   -1.478699106173390725e-02
-1.713173574976692079e-02   -1.633898909507685432e-02   -1.667200842469033356e-02   -1.538333678005989087e-02   -1.629346844049863602e-02   -1.734869917122172298e-02   -1.611612227920819831e-02   -1.635029695478072351e-02
-1.807346157673789949e-02   -1.762086996183827303e-02   -1.807045008931054339e-02   -1.683582886073996948e-02   -1.785501281388737413e-02   -1.912947622591766941e-02   -1.778050475748674253e-02   -1.813029650402664394e-02
-1.909675004575836152e-02   -1.904036876342483572e-02   -1.963361303435820840e-02   -1.847139374084389232e-02   -1.962132010528443854e-02   -2.115155229115203359e-02   -1.967564252753174411e-02   -2.016210255927720560e-02
-2.021124368630886764e-02   -2.061607293910064018e-02   -2.138555071645758740e-02   -2.031799482247061486e-02   -2.162464369383641435e-02   -2.345354682545218450e-02   -2.183891687534701698e-02   -2.248664465180621325e-02
-2.142798865449268078e-02   -2.236949816942751176e-02   -2.335430029413131450e-02   -2.240831912089329137e-02   -2.390270565957176158e-02   -2.608054737943499291e-02   -2.431383130579750640e-02   -2.515133029198276735e-02
-2.275965979715479509e-02   -2.432557369814944068e-02   -2.557254398285064081e-02   -2.478053184528063863e-02   -2.649950036133093267e-02   -2.908494539784836283e-02   -2.715065016502356959e-02   -2.821052137967921397e-02
-2.422081728543459475e-02   -2.651319201374860435e-02   -2.807834237577593733e-02   -2.747907991934975258e-02   -2.946608607211281469e-02   -3.252715610989823786e-02   -3.040679559362603757e-02   -3.172558748185721339e-02
-2.582819404730055113e-02   -2.896581649290443441e-02   -3.091591599617919336e-02   -3.055548867239843425e-02   -3.286125157772431388e-02   -3.647601956770052389e-02   -3.414672231826516857e-02   -3.576412897909587996e-02
-2.760100872485247991e-02   -3.172212733175886618e-02   -3.413642285716861347e-02   -3.406904437363904997e-02   -3.675185473601363939e-02   -4.100853150742182068e-02   -3.844079641842126915e-02   -4.039769384590043144e-02
-2.956129094087851794e-02   -3.482666318144966161e-02   -3.779863194744738364e-02   -3.808717051621734323e-02   -4.121248473174051602e-02   -4.620831607912629507e-02   -4.336239955779658262e-02   -4.569689253212256413e-02
-3.173419230654152268e-02   -3.833037792920736264e-02   -4.196931475075606904e-02   -4.268517028218009324e-02   -4.632387125310249987e-02   -5.216188527271171244e-02   -4.898201405558545024e-02   -5.172218347341522859e-02
-3.414823505364416451e-02   -4.229097141706303353e-02   -4.672305456457135492e-02   -4.794479798000798876e-02   -5.216911616579088251e-02   -5.895118040268416265e-02   -5.535636008202853703e-02   -5.850769487318321221e-02
-3.683541686356726214e-02   -4.677275994190180364e-02   -5.214098864951442758e-02   -5.395081123879719165e-02   -5.882631859035942351e-02   -6.664011224673703493e-02   -6.250971576245437089e-02   -6.603424856305532831e-02
-3.983104164698850896e-02   -5.184571733298526386e-02   -5.830773440952183306e-02   -6.078422202628741555e-02   -6.635548348264355689e-02   -7.525180774052277199e-02   -7.040340028440113251e-02   -7.418639718183264731e-02
-4.317307976879213721e-02   -5.758313608680217660e-02   -6.530540533589557217e-02   -6.851041868956997405e-02   -7.477679880501320042e-02   -8.473217800199266125e-02   -7.888832107307620911e-02   -8.268731414283096715e-02
-4.690078211876570757e-02   -6.405714555526999254e-02   -7.320323658256601418e-02   -7.715977263851517276e-02   -8.403666982614714509e-02   -9.489473772313157529e-02   -8.763528909475809536e-02   -9.100617624467864653e-02
-5.105220081394572229e-02   -7.133114103505590331e-02   -8.204105418917778669e-02   -8.669806356426679184e-02   -9.395791526911979885e-02   -1.053425051455659511e-01   -9.604029314454863575e-02   -9.823816275025178124e-02
-5.566025504677980101e-02   -7.944816869627249756e-02   -9.180495584301956447e-02   -9.698468210379321275e-02   -1.041724797286835841e-01   -1.153675460531748409e-01   -1.031103604515504479e-01   -1.029723448372756311e-01
-6.074711539769180740e-02   -8.841473934792579148e-02   -1.023946853522749167e-01   -1.077191478050472800e-01   -1.140408342474763526e-01   -1.238406489224833790e-01   -1.073545170309869873e-01   -1.031937532779519523e-01
-6.631708676599601393e-02   -9.818075522354212381e-02   -1.135849841964192003e-01   -1.183822444049176664e-01   -1.225739558030979476e-01   -1.291257527834381580e-01   -1.067367766521696015e-01   -9.631506456664477855e-02
-7.234892940505199821e-02   -1.086184406929508600e-01   -1.249880446500379882e-01   -1.281873939943337370e-01   -1.283913040560223928e-01   -1.290842487764803093e-01   -9.878829545608315554e-02   -7.948616791769831658e-02
-7.878954381097920401e-02   -1.195059753804864483e-01   -1.360300276486003657e-01   -1.360682239650187197e-01   -1.297652624788974418e-01   -1.212587594196662538e-01   -8.099789947369252785e-02   -5.033758973197007686e-02
-8.555165832207042853e-02   -1.305234585309796302e-01   -1.459580250216956920e-01   -1.407324328562906124e-01   -1.248037018467875875e-01   -1.033133655048811272e-01   -5.155449538144818433e-02   -8.193790333035341766e-03
-9.251782815564942031e-02   -1.412676561209319503e-01   -1.538899407358708671e-01   -1.408004674325920025e-01   -1.117891567904691352e-01   -7.372438086354392295e-02   -1.035725858244020657e-02   4.451050405971893748e-02
-9.955126070247757863e-02   -1.512865423482452620e-01   -1.589063929336540226e-01   -1.350172069387932106e-01   -8.962352238654736070e-02   -3.256858361628634652e-02   4.002923055882106479e-02   1.012664494306440149e-01
-1.065113868916176126e-01   -1.601269935378651088e-01   -1.601661974222099716e-01   -1.224886625643812760e-01   -5.825370180998267616e-02   1.787757183208265460e-02   9.396641224186196018e-02   1.518032571421847332e-01
-1.132702489258298334e-01   -1.673837368457166130e-01   -1.570161886956728814e-01   -1.028772958445624552e-01   -1.892894740437753298e-02   7.302260868187557263e-02   1.432851537939873743e-01   1.841348104692556442e-01
-1.197257636947527820e-01   -1.727379969191025488e-01   -1.490691556838668053e-01   -7.650272754915382611e-02   2.580988659518186276e-02   1.264682109853051961e-01   1.788202347746804810e-01   1.879578657101136641e-01
-1.258094193571404618e-01   -1.759791640394134382e-01   -1.362373534296241195e-01   -4.433012492112529263e-02   7.241427574178094240e-02   1.710477706888425542e-01   1.925355642869523709e-01   1.582159474389247256e-01
-1.314877537775879790e-01   -1.770085451764576989e-01   -1.187242264764400979e-01   -7.864866784493931492e-03   1.168043853650818087e-01   2.001239241627764676e-01   1.795923410387274821e-01   9.742879754799077530e-02
-1.367580979040455558e-01   -1.758279376406328975e-01   -9.698651344507124017e-02   3.100644194692937783e-02   1.549142369168381717e-01   2.088190005621744505e-01   1.397578727310314906e-01   1.587101508577138873e-02
-1.416394906934215769e-01   -1.725169388723156172e-01   -7.168101161460864457e-02   7.018590409039814071e-02   1.831859766504750631e-01   1.949070595446172338e-01   7.780125836138211681e-02   -7.048220992542823804e-02
-1.461601245456273512e-01   -1.672032850435176410e-01   -4.360741897470280654e-02   1.075150849418097937e-01   1.989327111346773924e-01   1.592131039116098379e-01   2.822608908920088387e-03   -1.435910905559467654e-01
-1.503438120106938558e-01   -1.600318717085064124e-01   -1.365452443263041014e-02   1.408967780369064504e-01   2.005460046914021299e-01   1.054977849201046564e-01   -7.329254782039788807e-02   -1.875431335956074252e-01
-1.541992685968491816e-01   -1.511398376203599292e-01   1.724652270979924393e-02   1.683966654080257253e-01   1.875743229140533763e-01   3.991222985927436739e-02   -1.379574671255298368e-01   -1.922678870975206566e-01
-1.577159856251359737e-01   -1.406444904934077422e-01   4.816114299153212430e-02   1.883419005270966784e-01   1.607194761841187480e-01   -2.984120257065435433e-02   -1.801206956002746329e-01   -1.559640290377476979e-01
-1.608682054661699778e-01   -1.286464063463233498e-01   7.818398523501916830e-02   1.994268788522466085e-01   1.217832132986986365e-01   -9.550579900959346724e-02   -1.922741276029086288e-01   -8.573507334181411366e-02
-1.636249105476526022e-01   -1.152436734828915510e-01   1.064671476254303861e-01   2.008191923309614046e-01   7.356346434796229294e-02   -1.493053471845373903e-01   -1.718825788001067389e-01   3.735730426879241631e-03
-1.659610097378378946e-01   -1.005489498091369782e-01   1.322439708115294432e-01   1.922432583560423069e-01   1.967852131436315447e-02   -1.849040227163555317e-01   -1.219540287681978585e-01   9.325804121444304651e-02
-1.678648010366083354e-01   -8.470134038488083550e-02   1.548463760053577498e-01   1.740169476620880562e-01   -3.569578390989571609e-02   -1.981777401971898944e-01   -5.060886433557733322e-02   1.633243983776980213e-01
-1.693392340637333293e-01   -6.786927977874217255e-02   1.737138775378100908e-01   1.470292661630212272e-01   -8.816442433023705116e-02   -1.876981210308345249e-01   3.029351805811053219e-02   1.984632062259713559e-01
-1.703978045176891276e-01   -5.024552772903258246e-02   1.883951389156381662e-01   1.126658055624250865e-01   -1.334909213555294238e-01   -1.548731195689340978e-01   1.072119752607983562e-01   1.907293400525426619e-01
-1.710581176099997547e-01   -3.203827215613432033e-02   1.985459697147460290e-01   7.270158342398699847e-02   -1.679687663384047402e-01   -1.037454903998452360e-01   1.672699071219536648e-01   1.415295935105825298e-01
-1.713362936205723441e-01   -1.346231878494032370e-02   2.039282181905046898e-01   2.918182211159288039e-02   -1.887446899728353611e-01   -4.049429884122871665e-02   2.004540766355800696e-01   6.138734397050088498e-02
-1.712440018578030299e-01   5.267560248299740268e-03   2.044119475595392033e-01   -1.569722334151411880e-02   -1.940626496692807179e-01   2.729623382536403020e-02   2.012792334225145807e-01   -3.229958604122241256e-02
-1.707883575464589354e-01   2.394104813452746505e-02   1.999809163004250268e-01   -5.970461997003618376e-02   -1.834108857598674980e-01   9.152843608562719058e-02   1.696515630237421246e-01   -1.190411208606295124e-01
-1.699739734060119190e-01   4.235523170836076601e-02   1.907400866291651675e-01   -1.006887086583724694e-01   -1.575670449836235609e-01   1.445561333677080895e-01   1.108197974623481713e-01   -1.797755682965905544e-01
-1.688058832761095418e-01   6.031642283081285055e-02   1.769227043171405778e-01   -1.366855323341569506e-01   -1.185436303974852917e-01   1.801119200521549280e-01   3.445757756171200642e-02   -2.011303691149910200e-01
-1.672916073257171843e-01   7.764040944501179875e-02   1.588929176318455150e-01   -1.660133850854324244e-01   -6.943772751184829062e-02   1.940708874925874960e-01   -4.695001573129908845e-02   -1.784402963086960392e-01
-1.654407979810637863e-01   9.415053258690268823e-02   1.371397586117469314e-01   -1.873442613689461633e-01   -1.419110273423291810e-02   1.849381754590017635e-01   -1.201473669313157383e-01   -1.168049213957500776e-01
-1.632621703933244683e-01   1.096738847832414154e-01   1.122612462850257342e-01   -1.997488905832751904e-01   4.272597881856117497e-02   1.539937451875831309e-01   -1.732525986551591568e-01   -2.993090938838557924e-02
-1.607592067889174747e-01   1.240373476672189390e-01   8.494183356622109216e-02   -2.027211321538756605e-01   9.668441030758476162e-02   1.050896347305003975e-01   -1.976743011604474298e-01   6.296692231066249035e-02
-1.579270855851949706e-01   1.370659350117846009e-01   5.592886120241251369e-02   -1.961925906038647638e-01   1.432902771243711182e-01   4.414646649621792318e-02   -1.895100293241618050e-01   1.414891548122908516e-01
-1.547526036974462837e-01   1.485850965641854204e-01   2.601231014343052469e-02   -1.805446069040343715e-01   1.787713130706030384e-01   -2.157748172380403659e-02   -1.502049602170207887e-01   1.886179776890708482e-01
-1.512170549981269874e-01   1.584266384362615909e-01   -3.991579615568520943e-03   -1.566146430066417683e-01   2.003217659473597034e-01   -8.436425407872194526e-02   -8.633537683705894139e-02   1.944879015925659593e-01
-1.473005093293562884e-01   1.664362372281191216e-01   -3.325539238058420471e-02   -1.256855855325635929e-01   2.063713398747601679e-01   -1.369769114303514557e-01   -8.498057210706956924e-03   1.584876799561522609e-01
-1.429857193288925632e-01   1.724804060997049415e-01   -6.095765234378831138e-02   -8.944595262823556991e-02   1.967482343466846195e-01   -1.735664621156925713e-01   7.055395911329588599e-02   8.919561438126011321e-02
-1.382607639806806010e-01   1.764520098617458899e-01   -8.630422383148528276e-02   -4.991481071812779030e-02   1.727140418708516811e-01   -1.904309784818832008e-01   1.382127996222565769e-01   2.164891774511028179e-03
-1.331206363375794233e-01   1.782750154912499663e-01   -1.085553024446168496e-01   -9.330757968552141554e-03   1.368554153433031717e-01   -1.865045053072146575e-01   1.843077207606479972e-01   -8.390028093365985151e-02
-1.275687646704754818e-01   1.779105492893849061e-01   -1.270597907735264154e-01   2.999395460977463679e-02   9.282458523186765120e-02   -1.634703842271286178e-01   2.029100594734605523e-01   -1.516325569932409634e-01
-1.216197942529713000e-01   1.753671018643084001e-01   -1.412996427270905020e-01   6.585219253047590315e-02   4.493375324315593972e-02   -1.254421505186693597e-01   1.932539922647382724e-01   -1.890112240276917432e-01
-1.153045386165383185e-01   1.707166389454553290e-01   -1.509445692041397058e-01   9.634547714151317499e-02   -2.368121388242302831e-03   -7.822900774919125388e-02   1.595476075098243851e-01   -1.918199947760712842e-01
-1.086765015650931893e-01   1.641143347057149315e-01   -1.559099558492244852e-01   1.200894415350610978e-01   -4.507326604025108790e-02   -2.829267002743706891e-02   1.096914347500097670e-01   -1.638582568772165016e-01
-1.018172773395854269e-01   1.558139734825470524e-01   -1.564003012897421663e-01   1.363790723302397978e-01   -8.014614105345860273e-02   1.840244008072900589e-02   5.321472679330223332e-02   -1.148928548629480073e-01
-9.483694479753608519e-02   1.461678638906679650e-01   -1.529145559480410144e-01   1.452607742901451393e-01   -1.058822793829665432e-01   5.737290685987717770e-02   -9.869315246440852566e-04   -5.714926516791937749e-02
-8.786668511799125558e-02   1.356033662527088568e-01   -1.461965212710330808e-01   1.474718853884846581e-01   -1.219910104687657315e-01   8.617212214933181458e-02   -4.642359167136719811e-02   -1.703356524914771859e-03
-8.104420904333513309e-02   1.245778307242189770e-01   -1.371337782601340649e-01   1.442504823584642992e-01   -1.293792446514345496e-01   1.043894298698799517e-01   -7.979682164223332597e-02   4.393670872388502624e-02
-7.449624966685286509e-02   1.135244629167360825e-01   -1.266319183583462793e-01   1.370697840513672161e-01   -1.297229401920897973e-01   1.131754793216723370e-01   -1.007433479593789344e-01   7.648786750227729025e-02
-6.832384840396878156e-02   1.028060712412201955e-01   -1.155015315430912015e-01   1.273789499311167583e-01   -1.249840099833235685e-01   1.145431060065110890e-01   -1.109046642094208140e-01   9.610811260410656587e-02
-6.259449371006430007e-02   9.268891387692555772e-02   -1.043863663119539709e-01   1.164175460242051624e-01   -1.170189172258962879e-01   1.107150822418424829e-01   -1.128458278442300566e-01   1.049804395407976793e-01
-5.734180308058967751e-02   8.333902568394464805e-02   -9.374024193108744518e-02   1.051284984614017509e-01   -1.073504755064101229e-01   1.036829987639767414e-01   -1.092089762285824994e-01   1.059970502999202785e-01
-5.257068333849596736e-02   7.483522536305491080e-02   -8.384211803564042831e-02   9.415432692385100610e-02   -9.709448520342826849e-02   9.500356820037260397e-02   -1.022350840721569648e-01   1.018973847000653465e-01
-4.826496669780094839e-02   6.719008769799010572e-02   -7.483146215978112026e-02   8.388294792055976667e-02   -8.698943686457343005e-02   8.577131785532339514e-02   -9.359936194785593855e-02   9.487210933674918023e-02
-4.439507350835273508e-02   6.037164367466695686e-02   -6.674835593838668313e-02   7.451127417692793298e-02   -7.747353131607548349e-02   7.668566386472416840e-02   -8.443732818703755805e-02   8.648590344314016631e-02
-4.092434906908853920e-02   5.432170590607705157e-02   -5.956900466876356021e-02   6.610613787781141615e-02   -6.876985726512144237e-02   6.814880885054405701e-02   -7.545247110881909969e-02   7.776003954287728781e-02
-3.781366173660893198e-02   4.896945317490941640e-02   -5.323302575034825207e-02   5.865335572327519398e-02   -6.095982876302709352e-02   6.035874078795004649e-02   -6.703779382644391160e-02   6.930546300814879879e-02
-3.502439964067808470e-02   4.424053899455185346e-02   -4.766244060318503700e-02   5.209318023132319259e-02   -5.403863866934187354e-02   5.338321046560892680e-02   -5.938003949260326625e-02   6.145008139264192260e-02
-3.252021985785998048e-02   4.006265679287175641e-02   -4.277386352425129046e-02   4.634395446959350962e-02   -4.795363771797070407e-02   4.721279394879503155e-02   -5.253784250543967055e-02   5.433959781106976333e-02
-3.026792392627702943e-02   3.636858607648151692e-02   -3.848572471292676517e-02   4.131685806712399184e-02   -4.262919524078500472e-02   4.179633133986896537e-02   -4.649564747601386133e-02   4.800955760962336005e-02
-2.823776952782867597e-02   3.309758303967413884e-02   -3.472214295636447817e-02   3.692447611434419852e-02   -3.798188398080352968e-02   3.706328819239448902e-02   -4.119874326007706700e-02   4.243344734994153322e-02
-2.640344501995463625e-02   3.019575478932271309e-02   -3.141467365321482658e-02   3.308534028715408304e-02   -3.392918500289211770e-02   3.293713095813806391e-02   -3.657491298411420788e-02   3.755319104576379519e-02
-2.474185990473570101e-02   2.761585356966632029e-02   -2.850278523860393445e-02   2.972597459264010589e-02   -3.039406519626218148e-02   2.934284935194949803e-02   -3.254715935480259614e-02   3.329761643604341875e-02
-2.323284853493168961e-02   2.531677189488492491e-02   -2.593362374379495211e-02   2.678147157821404722e-02   -2.730703839319704659e-02   2.621082482860816534e-02   -2.904073759977344668e-02   2.959309596159554953e-02
-2.185884559465627042e-02   2.326291055977268776e-02   -2.366141614980231747e-02   2.419525500991940442e-02   -2.460676082351260369e-02   2.347850631648656927e-02   -2.598669041489613113e-02   2.636928757533739051e-02
-2.060456647709763348e-02   2.142351949463151828e-02   -2.164672304199691602e-02   2.191843282727198514e-02   -2.223982116211751722e-02   2.109082671841494908e-02   -2.332331099387359788e-02   2.356190967568656813e-02
-1.945670974281828863e-02   1.977206585123792229e-02   -1.985566107829392010e-02   1.990897981333140943e-02   -2.016012674741568880e-02   1.899993808548625096e-02   -2.099643121621243974e-02   2.111378458425581042e-02
-1.840368923980163773e-02   1.828565590515636094e-02   -1.825915994255197100e-02   1.813088583276500215e-02   -1.832812210823732066e-02   1.716461285622762623e-02   -1.895908390266234228e-02   1.897491661639827409e-02
-1.743539792889196166e-02   1.694452103152373906e-02   -1.683228488789877131e-02   1.655334203762029444e-02   -1.670997299186950322e-02   1.554951331926598609e-02   -1.717086592048258642e-02   1.710206824374365872e-02
-1.654300244475592416e-02   1.573156885788077469e-02   -1.555363648878970752e-02   1.514999964390800237e-02   -1.527678657278016931e-02   1.412444206633191660e-02   -1.559719054015027556e-02   1.545810734413951421e-02
-1.571876593032680083e-02   1.463199590866835417e-02   -1.440482841355086169e-02   1.389831408901258045e-02   -1.400390151160966178e-02   1.286363238536580335e-02   -1.420853299643823169e-02   1.401128102701027986e-02
-1.495589607851111578e-02   1.363295584835524238e-02   -1.337003844547472384e-02   1.277897535994281658e-02   -1.287026028826526551e-02   1.174510592520298415e-02   -1.297972272674358454e-02   1.273450040488266141e-02
-1.424841520811971109e-02   1.272327669798565403e-02   -1.243562545927574814e-02   1.177541910576204026e-02   -1.185786455453566833e-02   1.075010695906129972e-02   -1.188930630495024093e-02   1.160467850826503965e-02
-1.359104935589944448e-02   1.189322047143282109e-02   -1.158980427461624163e-02   1.087341037975509024e-02   -1.095130826866104988e-02   9.862612780429715412e-03   -1.091898844919184965e-02   1.060213915353191635e-02
-1.297913364445124444e-02   1.113427915332871644e-02   -1.082237046005517754e-02   1.006069101366529120e-02   -1.013738070342710962e-02   9.068914831685233671e-03   -1.005314953020392324e-02   9.710100959971622314e-03
-1.240853150748037759e-02   1.043900158894551893e-02   -1.012446777678944684e-02   9.326681817094251495e-03   -9.404730613707681930e-03   8.357263042185701304e-03   -9.278433583301465282e-03   8.914233524213154361e-03
-1.187556567593316299e-02   9.800846547673528267e-03   -9.488391759859137950e-03   8.662231495576004983e-03   -8.743583043498584159e-03   7.717565299428173244e-03   -8.583399005728057155e-03   8.202279331245622765e-03
-1.137695912912886631e-02   9.214057887543593631e-03   -8.907423783912188017e-03   8.059405089788635249e-03   -8.145500937918017520e-03   7.141134255873169377e-03   -7.958223742864416195e-03   7.563733693609577327e-03
-1.090978448434448515e-02   8.673558355562677874e-03   -8.375690771940301482e-03   7.511305689102538291e-03   -7.603184610921818153e-03   6.620474353422169458e-03   -7.394457143524469332e-03   6.989574894542503573e-03
-1.047142053372326562e-02   8.174859094915222849e-03   -7.888046441315329019e-03   7.011924078143606277e-03   -7.110303043452025074e-03   6.149102781115607132e-03   -6.884811395626072930e-03   6.472037194454030931e-03
-1.005951483981348989e-02   7.713982393945005393e-03   -7.439970628483144610e-03   6.556011794618417550e-03   -6.661351865477522366e-03   5.721398934392733261e-03   -6.422986311777676913e-03   6.004420111903016263e-03
-9.671951473261728230e-03   7.287395607617316168e-03   -7.027483791268685290e-03   6.138973795915166932e-03   -6.251533669849811126e-03   5.332477746877273099e-03   -6.003522096341177075e-03   5.580928224350629845e-03
-9.306823121649645744e-03   6.891954516789614189e-03   -6.647074261921766605e-03   5.756777550804974795e-03   -5.876657002411060475e-03   4.978082986773114602e-03   -5.621675528897850452e-03   5.196536550887339949e-03
-8.962406920764344129e-03   6.524854671826208451e-03   -6.295636223674707516e-03   5.405875897948712004e-03   -5.533050971430839710e-03   4.654497239593641429e-03   -5.273315716518530046e-03   4.846877330030033987e-03
-8.637143462119460657e-03   6.183589502471952687e-03   -5.970416718381796849e-03   5.083141454989816878e-03   -5.217492927184512116e-03   4.358465838578636821e-03   -4.954836191221548801e-03   4.528144670660312447e-03
-8.329618516359656860e-03   5.865914172443465607e-03   -5.668970272182671973e-03   4.785810731752418792e-03   -4.927147089272138937e-03   4.087132460907834733e-03   -4.663080662316000657e-03   4.237014129331722299e-03
-8.038547083960130568e-03   5.569814321095757810e-03   -5.389119958676732991e-03   4.511436409064572758e-03   -4.659512355834680500e-03   3.837984491160354589e-03   -4.395280183837516931e-03   3.970574756934376441e-03
-7.762759444676430379e-03   5.293478971136069029e-03   -5.128923912399468987e-03   4.257846500654812773e-03   -4.412377825509549920e-03   3.608806573352408079e-03   -4.148999874817515740e-03   3.726271570363593345e-03
-7.501188927454851413e-03   5.035276995243923720e-03   -4.886646465985727134e-03   4.023109327923999126e-03   -4.183784809196176499e-03   3.397641038799500794e-03   -3.922093644800332679e-03   3.501856750035918162e-03
-7.252861164619404249e-03   4.793736629459352527e-03   -4.660733217836236265e-03   3.805503413488323886e-03   -3.971994312756372408e-03   3.202754117570302816e-03   -3.712665638366481613e-03   3.295348151458157241e-03
-7.016884629473942731e-03   4.567527600529039736e-03   -4.449789448024948739e-03   3.603491545415141335e-03   -3.775459140764078018e-03   3.022607023927403099e-03   -3.519037328987080233e-03   3.104993957513987705e-03
-6.792442286137001344e-03   4.355445500725065901e-03   -4.252561392479261952e-03   3.415698385226871667e-03   -3.592799911368318305e-03   2.855831157312733234e-03   -3.339719371777692073e-03   2.929242495625386522e-03
-6.578784205405764293e-03   4.156398099185582874e-03   -4.067919962351044909e-03   3.240891093351260833e-03   -3.422784388282143313e-03   2.701206785555963427e-03   -3.173387472997110832e-03   2.766716407344185519e-03
-6.375221021508292035e-03   3.969393325404959802e-03   -3.894846559637398040e-03   3.077962529331827127e-03   -3.264309632056903304e-03   2.557644680604544488e-03   -3.018861656813901298e-03   2.616190493077274332e-03
-6.181118122397493385e-03   3.793528699634473624e-03   -3.732420693701810153e-03   2.925916653736149609e-03   -3.116386552613131106e-03   2.424170262958739216e-03   -2.875088411412702553e-03   2.476572666456062881e-03
-5.995890481304184255e-03   3.627982017896603552e-03   -3.579809148201234040e-03   2.783855816749296677e-03   -2.978126511342968612e-03   2.299909882264714565e-03   -2.741125280651298280e-03   2.346887545416601398e-03
-5.818998050044767514e-03   3.472003127097358227e-03   -3.436256485532824829e-03   2.650969666919177851e-03   -2.848729676328439365e-03   2.184078920738008727e-03   -2.616127537269777488e-03   2.226262283754696942e-03
-5.649941645441331796e-03   3.324906649198120911e-03   -3.301076707506356896e-03   2.526525454079935062e-03   -2.727474880273961060e-03   2.075971455373036827e-03   -2.499336631626547078e-03   2.113914310548652489e-03
-5.488259269464459099e-03   3.186065533286238597e-03   -3.173645917536660910e-03   2.409859534474437671e-03   -2.613710769220952117e-03   1.974951255976019424e-03   -2.390070158162949099e-03   2.009140697711447616e-03
-5.333522811607540985e-03   3.054905331248775491e-03   -3.053395852071567364e-03   2.300369914644488645e-03   -2.506848062305016937e-03   1.880443930364339910e-03   -2.287713121987527097e-03   1.911308919923994419e-03
-5.185335088757354015e-03   2.930899107091029018e-03   -2.939808167914601412e-03   2.197509694676093826e-03   -2.406352769807049326e-03   1.791930056774591060e-03   -2.191710321519092959e-03   1.819848807873808861e-03
-5.043327183617173776e-03   2.813562902154449156e-03   -2.832409388139054893e-03   2.100781291635487377e-03   -2.311740239422451545e-03   1.708939167576741794e-03   -2.101559691185311482e-03   1.734245526343386554e-03
-4.907156047713088880e-03   2.702451688912910037e-03   -2.730766422893887366e-03   2.009731341134785194e-03   -2.222569919755296858e-03   1.631044468592802912e-03   -2.016806471681748675e-03   1.654033434310863814e-03
-4.776502339295638638e-03   2.597155754941196226e-03   -2.634482592963790538e-03   1.923946189441056538e-03   -2.138440746136953136e-03   1.557858195315634181e-03   -1.937038095032258189e-03   1.578790705698058204e-03
-4.651068470141601387e-03   2.497297466289064970e-03   -2.543194093791827960e-03   1.843047900817609526e-03   -2.058987067466348016e-03   1.489027521654121130e-03   -1.861879688292251847e-03   1.508134607434395485e-03
-4.530576838451445126e-03   2.402528366052896890e-03   -2.456566846073777750e-03   1.766690715215633910e-03   -1.983875044281246166e-03   1.424230948936172332e-03   -1.790990113727258413e-03   1.441717346679108726e-03
-4.414768227800838427e-03   2.312526569579049802e-03   -2.374293686215034858e-03   1.694557900313291331e-03   -1.912799458035676628e-03   1.363175113147394989e-03   -1.724058475114365052e-03   1.379222411838190113e-03
-4.303400354501105314e-03   2.226994422595139373e-03   -2.296091856091679855e-03   1.626358949472467503e-03   -1.845480879858738855e-03   1.305591957072584422e-03   -1.660801029810775537e-03   1.320361342820619045e-03
-4.196246547806646229e-03   2.145656392763837638e-03   -2.221700756835590356e-03   1.561827083655520235e-03   -1.781663154138568832e-03   1.251236221391434887e-03   -1.600958454709476000e-03   1.264870875127574977e-03
-4.093094549220815774e-03   2.068257168784999427e-03   -2.150879935900637443e-03   1.500717020885528052e-03   -1.721111158305861470e-03   1.199883215066042562e-03   -1.544293421400935165e-03   1.212510410127268061e-03
-3.993745418733977114e-03   1.994559944318767628e-03   -2.083407280575007032e-03   1.442802981586938224e-03   -1.663608805346903328e-03   1.151326830720547948e-03   -1.490588441987735846e-03   1.163059770462483884e-03
-3.898012537209854904e-03   1.924344866733724863e-03   -2.019077394476044042e-03   1.387876902228193541e-03   -1.608957259991018133e-03   1.105377775296221589e-03   -1.439643952223481922e-03   1.116317205151829686e-03
-3.805720695346534108e-03   1.857407633059431854e-03   -1.957700136478137971e-03   1.335746833204680016e-03   -1.556973343305780412e-03   1.061861990189626572e-03   -1.391276603111760287e-03   1.072097613735477741e-03
-3.716705260699574177e-03   1.793558217591481293e-03   -1.899099304047061846e-03   1.286235499933192222e-03   -1.507488103689443937e-03   1.020619238447769295e-03   -1.345317735921591198e-03   1.030230962909764762e-03
-3.630811415186806224e-03   1.732619717402288963e-03   -1.843111445142201453e-03   1.239179008749537311e-03   -1.460345535054186983e-03   9.815018394872636331e-04   -1.301612018852787772e-03   9.905608726000986533e-04
-3.547893456314304365e-03   1.674427303588090898e-03   -1.789584784748899423e-03   1.194425681468570853e-03   -1.415401425412410102e-03   9.443735342952821500e-04   -1.260016226399210014e-03   9.529433514291436392e-04
-3.467814156085601961e-03   1.618827267463400802e-03   -1.738378253757109351e-03   1.151835004432026069e-03   -1.372522321168683163e-03   9.091084662182906959e-04   -1.220398144880915784e-03   9.172456641217849272e-04
-3.390444172193866641e-03   1.565676152124367360e-03   -1.689360609343978047e-03   1.111276679576478658e-03   -1.331584594228955127e-03   8.755902643005748992e-04   -1.182635589704979315e-03   8.833453156133543602e-04
-3.315661506660411238e-03   1.514839960865272794e-03   -1.642409637276302098e-03   1.072629766538799739e-03   -1.292473600607510703e-03   8.437112177409019417e-04   -1.146615521718509674e-03   8.511291385474510206e-04
-3.243351007581805629e-03   1.466193434866689717e-03   -1.597411427648871146e-03   1.035781906109789789e-03   -1.255082920574483426e-03   8.133715314281793644e-04   -1.112233251578587405e-03   8.204924725077653675e-04
-3.173403910090295647e-03   1.419619393396765036e-03   -1.554259716537942154e-03   1.000628616475499055e-03   -1.219313671571856366e-03   7.844786537261421409e-04   -1.079391722416160604e-03   7.913384247638222515e-04
-3.105717413024809258e-03   1.375008130492629769e-03   -1.512855286893780233e-03   9.670726546719592490e-04   -1.185073886158508148e-03   7.569466687289757179e-04   -1.048000862245123278e-03   7.635772035549724494e-04
-3.040194288159011379e-03   1.332256862729821805e-03   -1.473105422737965671e-03   9.350234365423427431e-04   -1.152277948145894858e-03   7.306957461258523556e-04   -1.017976998588788996e-03   7.371255160175222646e-04
-2.976742519143744155e-03   1.291269223254295963e-03   -1.434923411383567026e-03   9.043965092422279412e-04   -1.120846080873517730e-03   7.056516426118957267e-04   -9.892423286848577458e-04   7.119060237999741414e-04
-2.915274967598164603e-03   1.251954797753357081e-03   -1.398228088970786959e-03   8.751130710028120910e-04   -1.090703882262590834e-03   6.817452494817306157e-04   -9.617244394055333989e-04   6.878468502302085988e-04
-2.855709064031326360e-03   1.214228698486932712e-03   -1.362943425117439438e-03   8.470995334458193389e-04   -1.061781901890638050e-03   6.589121816530847144e-04   -9.353558717067805622e-04   6.648811336130752269e-04
-2.797966521496949611e-03   1.178011172895585511e-03   -1.328998142931039688e-03   8.202871222578229536e-04   -1.034015255860138739e-03   6.370924039039831946e-04   -9.100737250134545040e-04   6.429466218611011672e-04
-2.741973070082049085e-03   1.143227243652940187e-03   -1.296325371025046054e-03   7.946115124847913380e-04   -1.007343275700753847e-03   6.162298905773526793e-04   -8.858192974662831972e-04   6.219853042079490080e-04
-2.687658210507261683e-03   1.109806377342795322e-03   -1.264862324532115001e-03   7.700124951076236677e-04   -9.817091879551261696e-04   5.962723154204788113e-04   -8.625377584123816417e-04   6.019430762330432814e-04
-2.634954985275900045e-03   1.077682179219837484e-03   -1.234550012417919614e-03   7.464336719129746004e-04   -9.570598214602576851e-04   5.771707685907032396e-04   -8.401778499214454000e-04   5.827694348464853343e-04
-2.583799765951392928e-03   1.046792111761406501e-03   -1.205332968674788750e-03   7.238221759864975607e-04   -9.333453396558615174e-04   5.588794981797129500e-04   -8.186916144620921820e-04   5.644172002531769967e-04
-2.534132055271456820e-03   1.017077234939916175e-03   -1.177159005219569239e-03   7.021284154329938835e-04   -9.105189955336238797e-04   5.413556738919013574e-04   -7.980341461833356017e-04   5.468422622402289556e-04
-2.485894302922816816e-03   9.884819663440666537e-04   -1.149978984538161568e-03   6.813058381738882566e-04   -8.885369070911306073e-04   5.245591707627290066e-04   -7.781633635202578510e-04   5.300033484190400665e-04
-2.439031733904580695e-03   9.609538594548783187e-04   -1.123746610313542662e-03   6.613107158910915473e-04   -8.673578513758467990e-04   5.084523710244830044e-04   -7.590398010849715594e-04   5.138618123063892588e-04
-2.393492188502387846e-03   9.344433985419347763e-04   -1.098418234447386078e-03   6.421019453806919809e-04   -8.469430754010057096e-04   4.929999824233049664e-04   -7.406264190181963136e-04   4.983814393529733796e-04
-2.349225972980414478e-03   9.089038087882791560e-04   -1.073952679040186689e-03   6.236408657530586111e-04   -8.272561223899898078e-04   4.781688714653939951e-04   -7.228884281665132932e-04   4.835282692257922093e-04
-2.306185720175055534e-03   8.842908803808734869e-04   -1.050311072033174083e-03   6.058910900703103715e-04   -8.082626719610009692e-04   4.639279102252259670e-04   -7.057931296187316787e-04   4.692704328264656792e-04
-2.264326259243662227e-03   8.605628054191097071e-04   -1.027456695339147314e-03   5.888183501498873420e-04   -7.899303930022653821e-04   4.502478354861662812e-04   -6.893097672841801311e-04   4.555780026833836744e-04
-2.223604493884628192e-03   8.376800265977990935e-04   -1.005354844400308326e-03   5.723903533860850296e-04   -7.722288081112808206e-04   4.371011191064989301e-04   -6.734093923288236470e-04   4.424228554940259754e-04
-2.183979288402320210e-03   8.156050967148587320e-04   -9.839726982107414519e-04   5.565766505515871336e-04   -7.551291685817415568e-04   4.244618486132056942e-04   -6.580647384031990252e-04   4.297785457167860139e-04
-2.145411361042035957e-03   7.943025481383726759e-04   -9.632791989305134915e-04   5.413485136396498911e-04   -7.386043390201628726e-04   4.123056171232986609e-04   -6.432501067019103782e-04   4.176201892215533596e-04
-2.107863184067468917e-03   7.737387714440667735e-04   -9.432449402986959859e-04   5.266788228960740236e-04   -7.226286907622211930e-04   4.006094217797878665e-04   -6.289412599882756401e-04   4.059243561057150639e-04
-2.071298890095823499e-03   7.538819025031669001e-04   -9.238420641248933519e-04   5.125419622694459129e-04   -7.071780033376850929e-04   3.893515699672914828e-04   -6.151153248019958003e-04   3.946689718699594924e-04
-2.035684184244847955e-03   7.347017173630177684e-04   -9.050441642039237095e-04   4.989137225794648212e-04   -6.922293733034732459e-04   3.785115926421589211e-04   -6.017507011427936352e-04   3.838332262258035889e-04
-2.000986261681554634e-03   7.161695343193075561e-04   -8.868261970569759440e-04   4.857712117673004403e-04   -6.777611298277892845e-04   3.680701641745675679e-04   -5.888269789903197767e-04   3.733974888768675122e-04
-1.967173730194732816e-03   6.982581226299140308e-04   -8.691643989555053115e-04   4.730927716496543200e-04   -6.637527564653146342e-04   3.580090281563053111e-04   -5.763248610809962400e-04   3.633432316782599309e-04
-1.934216537443089702e-03   6.809416173668388691e-04   -8.520362087319606698e-04   4.608579006502427629e-04   -6.501848186146277388e-04   3.483109286783731386e-04   -5.642260914165332262e-04   3.536529566345797469e-04
-1.902085902557698908e-03   6.641954399448014206e-04   -8.354201959246318997e-04   4.490471820293104603e-04   -6.370388961952288490e-04   3.389595466279953688e-04   -5.525133890276135362e-04   3.443101292470823987e-04
-1.870754251802275942e-03   6.479962239033810458e-04   -8.192959938430581382e-04   4.376422171741840405e-04   -6.242975211230685287e-04   3.299394405954615499e-04   -5.411703865597542558e-04   3.352991167661610876e-04
-1.840195158017360029e-03   6.323217455544031867e-04   -8.036442371758500914e-04   4.266255635521463844e-04   -6.119441192010025921e-04   3.212359920181041199e-04   -5.301815732879291846e-04   3.266051309454145535e-04
-1.810383283595133966e-03   6.171508591379438503e-04   -7.884465037948733789e-04   4.159806769615133066e-04   -5.999629560744560407e-04   3.128353542218573809e-04   -5.195322422017923259e-04   3.182141749306645578e-04
-1.781294326750684992e-03   6.024634361591993826e-04   -7.736852604389079374e-04   4.056918577481893862e-04   -5.883390869331747491e-04   3.047244050509204084e-04   -5.092084408354666898e-04   3.101129939498218908e-04
-1.752904970872800998e-03   5.882403086047726694e-04   -7.593438119863312515e-04   3.957442006833436520e-04   -5.770583096675988314e-04   2.968907028031058716e-04   -4.991969255445134626e-04   3.022890294995172144e-04
-1.725192836753488938e-03   5.744632157609292971e-04   -7.454062540504348758e-04   3.861235482236275080e-04   -5.661071212134957762e-04   2.893224452129433406e-04   -4.894851189590352291e-04   2.947303767511728944e-04
-1.698136437509933276e-03   5.611147543782819911e-04   -7.318574286528218252e-04   3.768164468987223251e-04   -5.554726768411292559e-04   2.820084312468916455e-04   -4.800610703651875776e-04   2.874257449234048686e-04
-1.671715136026247174e-03   5.481783319473932607e-04   -7.186828827502789088e-04   3.678101065922646275e-04   -5.451427521658906402e-04   2.749380254949930686e-04   -4.709134187887786620e-04   2.803644203896436837e-04
-1.645909104754646668e-03   5.356381228680843695e-04   -7.058688294086175362e-04   3.590923625014796092e-04   -5.351057076759762167e-04   2.681011249616716257e-04   -4.620313585741222260e-04   2.735362323097894656e-04
-1.620699287727208563e-03   5.234790273119952018e-04   -6.934021114335520283e-04   3.506516395784620784e-04   -5.253504555896832242e-04   2.614881280748337119e-04   -4.534046072685801189e-04   2.669315205925409007e-04
-1.596067364639804954e-03   5.116866325932664184e-04   -6.812701672837151879e-04   3.424769192719986704e-04   -5.158664288703355364e-04   2.550899057475214285e-04   -4.450233756393104671e-04   2.605411060116274665e-04
-1.571995716879573575e-03   5.002471768762914960e-04   -6.694609991047513822e-04   3.345577084034526269e-04   -5.066435522409041365e-04   2.488977743400086571e-04   -4.368783396631383551e-04   2.543562623137472366e-04
-1.548467395376193576e-03   4.891475150623460699e-04   -6.579631427359684597e-04   3.268840100235029657e-04   -4.976722150531686338e-04   2.429034703827056207e-04   -4.289606143435784362e-04   2.483686901696508724e-04
-1.525466090165514656e-03   4.783750867087605192e-04   -6.467656395525726767e-04   3.194462961086918509e-04   -4.889432458779506335e-04   2.370991269315379270e-04   -4.212617292210108096e-04   2.425704928319754553e-04
-1.502976101561706579e-03   4.679178858451339402e-04   -6.358580100170272429e-04   3.122354819677969524e-04   -4.804478886935520734e-04   2.314772514378090023e-04   -4.137736054528375344e-04   2.369541533746143277e-04
-1.480982312841158839e-03   4.577644325610827000e-04   -6.252302288227471567e-04   3.052429022382167033e-04   -4.721777805592880517e-04   2.260307050239533373e-04   -4.064885343504701098e-04   2.315125133985510909e-04
-1.459470164347869770e-03   4.479037462491864525e-04   -6.148727015221656933e-04   2.984602883617981563e-04   -4.641249306698172570e-04   2.207526830652300597e-04   -3.993991572688864876e-04   2.262387530982776121e-04
-1.438425628936112945e-03   4.383253203952333903e-04   -6.047762425393267416e-04   2.918797474380527366e-04   -4.562817006941438246e-04   2.156366969851935525e-04   -3.924984467528931111e-04   2.211263725915162440e-04
-1.417835188671751718e-03   4.290190988156474439e-04   -5.949320544746199667e-04   2.854937423604656877e-04   -4.486407863105330027e-04   2.106765571800279732e-04   -3.857796888516649937e-04   2.161691744224164210e-04
-1.397685812718759768e-03   4.199754532491241084e-04   -5.853317086160741544e-04   2.792950731487387362e-04   -4.411951998554024842e-04   2.058663569933377475e-04   -3.792364665200612149e-04   2.113612471556796009e-04
-1.377964936342287961e-03   4.111851622161157038e-04   -5.759671265779391395e-04   2.732768593963539163e-04   -4.339382540104726811e-04   2.012004576690452245e-04   -3.728626440314933461e-04   2.066969499853813766e-04
-1.358660440964101204e-03   4.026393910658847448e-04   -5.668305629930512051e-04   2.674325237588374179e-04   -4.268635464581526360e-04   1.966734742155406342e-04   -3.666523523329682198e-04   2.021708982881324876e-04
-1.339760635210318108e-03   3.943296731364675308e-04   -5.579145891907949604e-04   2.617557764136357120e-04   -4.199649454403939349e-04   1.922802621192561188e-04   -3.605999752780608063e-04   1.977779500556256693e-04
-1.321254236895247998e-03   3.862478919580699483e-04   -5.492120777973640228e-04   2.562406004275626765e-04   -4.132365761610304919e-04   1.880159048505207454e-04   -3.547001366785831129e-04   1.935131931466444052e-04
-1.303130355888661857e-03   3.783862644352197391e-04   -5.407161881995441698e-04   2.508812379724610717e-04   -4.066728079760478418e-04   1.838757021087435238e-04   -3.489476881200436983e-04   1.893719333029465367e-04
-1.285378477817186423e-03   3.707373249474235676e-04   -5.324203528173877473e-04   2.456721773340021938e-04   -4.002682423202925856e-04   1.798551587579496356e-04   -3.433376974901104642e-04   1.853496828777934189e-04
-1.267988448553563924e-03   3.632939103121834274e-04   -5.243182641349937879e-04   2.406081406625063934e-04   -3.940177013228567007e-04   1.759499744072081924e-04   -3.378654381730363931e-04   1.814421502295690211e-04
-1.250950459450416970e-03   3.560491455580127923e-04   -5.164038624421445241e-04   2.356840724182943992e-04   -3.879162170668036904e-04   1.721560335938720110e-04   -3.325263788664365762e-04   1.776452297364841063e-04
-1.234255033277818943e-03   3.489964304586124573e-04   -5.086713242428144918e-04   2.308951284674656736e-04   -3.819590214520952203e-04   1.684693965305294431e-04   -3.273161739800218174e-04   1.739549923915936606e-04
-1.217893010826463481e-03   3.421294267826219281e-04   -5.011150512895938850e-04   2.262366657870688890e-04   -3.761415366234630887e-04   1.648862903794088793e-04   -3.222306545787173571e-04   1.703676769403217133e-04
-1.201855538140569803e-03   3.354420462163758645e-04   -4.937296602058728699e-04   2.217042327415109633e-04   -3.704593659276940822e-04   1.614031010205321218e-04   -3.172658198353622556e-04   1.668796815253270713e-04
-1.186134054346801945e-03   3.289284389198993738e-04   -4.865099726601871885e-04   2.172935598946819900e-04   -3.649082853672509308e-04   1.580163652823231063e-04   -3.124178289606397698e-04   1.634875558062465152e-04
-1.170720280047510232e-03   3.225829826789671927e-04   -4.794510060595605014e-04   2.130005513247271371e-04   -3.594842355194706549e-04   1.547227636055128195e-04   -3.076829935801445775e-04   1.601879935239155931e-04
-1.155606206248509368e-03   3.164002726184755843e-04   -4.725479647308531740e-04   2.088212764106349797e-04   -3.541833138926824562e-04   1.515191131133266993e-04   -3.030577705306187163e-04   1.569778254810514457e-04
-1.140784083793347416e-03   3.103751114446027279e-04   -4.657962315612202689e-04   2.047519620619314543e-04   -3.490017676925613642e-04   1.484023610626511653e-04   -2.985387550493265492e-04   1.538540129131345995e-04
-1.126246413277674687e-03   3.045025001853282208e-04   -4.591913600706486057e-04   2.007889853646700697e-04   -3.439359869738304286e-04   1.453695786527641972e-04   -2.941226743323481670e-04   1.508136412252507341e-04
-1.111985935418878654e-03   2.987776294008097529e-04   -4.527290668913416089e-04   1.969288666187288142e-04   -3.389824981541134335e-04   1.424179551697169637e-04   -2.898063814391983522e-04   1.478539140721333960e-04
-1.097995621857562887e-03   2.931958708369243279e-04   -4.464052246303386144e-04   1.931682627430681516e-04   -3.341379578682895988e-04   1.395447924459723580e-04   -2.855868495227495093e-04   1.449721477603524227e-04
-1.084268666368826866e-03   2.877527694969523285e-04   -4.402158550932895641e-04   1.895039610271504827e-04   -3.293991471431385702e-04   1.367474996162669205e-04   -2.814611663648384035e-04   1.421657659529887029e-04
-1.070798476462548644e-03   2.824440361079526415e-04   -4.341571228487195976e-04   1.859328732081551511e-04   -3.247629658733999563e-04   1.340235881519484366e-04   -2.774265291992284344e-04   1.394322946584246293e-04
-1.057578665353051724e-03   2.772655399598194332e-04   -4.282253291134259792e-04   1.824520298549363881e-04   -3.202264275816043529e-04   1.313706671572032727e-04   -2.734802398048921885e-04   1.367693574861216150e-04
-1.044603044279669192e-03   2.722133020963830559e-04   -4.224169059408860050e-04   1.790585750409183171e-04   -3.157866544451966317e-04   1.287864389116817219e-04   -2.696196998536136685e-04   1.341746711534917030e-04
-1.031865615160716503e-03   2.672834888391669491e-04   -4.167284106956798827e-04   1.757497612892561364e-04   -3.114408725755080641e-04   1.262686946450589131e-04   -2.658424064970214482e-04   1.316460412288646619e-04
-1.019360563564418844e-03   2.624724056256086532e-04   -4.111565207980084837e-04   1.725229447746588014e-04   -3.071864075341656304e-04   1.238153105299955904e-04   -2.621459481791132734e-04   1.291813580966935150e-04
-1.007082251981179268e-03   2.577764911446355205e-04   -4.056980287233497256e-04   1.693755807672608449e-04   -3.030206800734006794e-04   1.214242438808257261e-04   -2.585280006612566961e-04   1.267785931319132930e-04
-9.950252133824957768e-04   2.531923117535322888e-04   -4.003498372432479687e-04   1.663052193048501597e-04   -2.989412020876224029e-04   1.190935295461514556e-04   -2.549863232474269413e-04   1.244357950713448043e-04
-9.831841450526099084e-04   2.487165561609845166e-04   -3.951089548940575147e-04   1.633095010806115649e-04   -2.949455727643762542e-04   1.168212764842283327e-04   -2.515187551983122513e-04   1.221510865706826191e-04
-9.715539026797291415e-04   2.443460303620896275e-04   -3.899724916612866475e-04   1.603861535343574203e-04   -2.910314749235804691e-04   1.146056645107665535e-04   -2.481232123235700715e-04   1.199226609364897097e-04
-9.601294946943803987e-04   2.400776528119595717e-04   -3.849376548679213556e-04   1.575329871359421291e-04   -2.871966715346036740e-04   1.124449412094121625e-04   -2.447976837422170273e-04   1.177487790231061669e-04
-9.489060768431222632e-04   2.359084498253267320e-04   -3.800017452558048046e-04   1.547478918502695261e-04   -2.834390024014020698e-04   1.103374189957695959e-04   -2.415402288017658313e-04   1.156277662852506487e-04
-9.378789469864696636e-04   2.318355511903004115e-04   -3.751621532498113976e-04   1.520288337739364372e-04   -2.797563810065260077e-04   1.082814723264254779e-04   -2.383489741473044233e-04   1.135580099774360316e-04
-9.270435401104785934e-04   2.278561859851103912e-04   -3.704163553951493842e-04   1.493738519341668563e-04   -2.761467915053744887e-04   1.062755350449214080e-04   -2.352221109322361265e-04   1.115379564920692095e-04
-9.163954235419899700e-04   2.239676785873099250e-04   -3.657619109587010339e-04   1.467810552412493084e-04   -2.726082858625893807e-04   1.043180978571590619e-04   -2.321578921629693492e-04   1.095661088284399402e-04
-9.059302923580637512e-04   2.201674448655251766e-04   -3.611964586858438533e-04   1.442486195862229903e-04   -2.691389811229679546e-04   1.024077059291301985e-04   -2.291546301702036663e-04   1.076410241854613135e-04
-8.956439649806236230e-04   2.164529885443951663e-04   -3.567177137046851341e-04   1.417747850760425613e-04   -2.657370568097395776e-04   1.005429566003514496e-04   -2.262106942000426829e-04   1.057613116712975275e-04
-8.855323789478052824e-04   2.128218977338802904e-04   -3.523234645701200929e-04   1.393578533989198371e-04   -2.624007524434621196e-04   9.872249720673252670e-05   -2.233245081184398798e-04   1.039256301235406857e-04
-8.755915868539155059e-04   2.092718416146138250e-04   -3.480115704405521747e-04   1.369961853129606020e-04   -2.591283651751967389e-04   9.694502300701079403e-05   -2.204945482230112651e-04   1.021326860339290640e-04
